Num   Read    Write
1 0.0828  0.5772
2 0.0733  0.6285
3 0.0819  0.6204
4 0.0762  0.6183
5 0.0733  0.6065
6 0.0751  0.5609
7 0.0806  0.6177
8 0.0743  0.6075
9 0.0753  0.6166
10 0.0769  0.6329
11 0.0746  0.5824
12 0.0750  0.6110
13 0.0754  0.6340
14 0.0798  0.5873
15 0.0731  0.5882
16 0.0789  0.6105
17 0.0724  0.6360
18 0.0826  0.5823
19 0.0750  0.6482
20 0.0799  0.5895
21 0.0820  0.5934
22 0.0739  0.6028
23 0.0769  0.6397
24 0.0746  0.6255
25 0.0821  0.6444
26 0.0720  0.6224
27 0.0835  0.5657
28 0.0729  0.5928
29 0.0820  0.5987